M-L
2.523033	6.635067	6.313467	8.336433	10.49177	9.384233	12.21283	14.3193	14.40157
0.3428576	0.2514854	0.1803284	0.5465271	0.1438598	0.09378688	0.1759255	0.1178538	0.2113252
V-L
0.02953333	0.07193333	0.11243333	0.1625	0.5077	0.49053333	1.934433333	11.7226666667	8.29566666667
0.00586364	0.00148174	0.00145335	0.00140831	0.00171561	0.00552982	0.3355685060051	0.33556851	0.011222992
M-C
2.409267	6.6331	6.269433	8.8892	11.2742	9.073533	11.357933	14.677567	16.712167
0.06043574	0.35424	0.362287	0.158976	0.117042	0.161488	0.364381	0.198877	0.285022
V-C
0.02756667	0.084266667	0.12953333	0.15336667	0.66446667	0.3507	1.94316666667	7.91453333	50.1536667
0.00215536	0.00067987	0.00128409	0.00179784	0.00197878	0.00188237	0.006367016	0.03542291	0.12639840
